2017/01/27 Orbital Tracks
   GMT      SUBLAT    SUBLON  HEADING
00:00:00   33.3741  -31.5336  -999.00
00:00:20   32.1739  -31.2049   192.88
00:00:40   30.9730  -30.8826   192.79
00:01:00   29.7715  -30.5663   192.72
01:28:40   69.3594  -26.3802  -999.00
01:29:00   68.2461  -24.9768   203.85
01:29:20   67.1232  -23.6964   202.82
01:29:40   65.9920  -22.5224   201.90
01:30:00   64.8535  -21.4411   201.06
01:30:20   63.7087  -20.4411   200.31
01:30:40   62.5584  -19.5123   199.63
01:31:00   61.4032  -18.6464   199.02
01:31:20   60.2436  -17.8364   198.45
01:31:40   59.0801  -17.0760   197.94
01:32:00   57.9131  -16.3600   197.47
01:32:20   56.7430  -15.6838   197.04
01:32:40   55.5700  -15.0433   196.65
01:33:00   54.3944  -14.4351   196.29
01:33:20   53.2164  -13.8560   195.95
01:33:40   52.0363  -13.3034   195.65
01:34:00   50.8542  -12.7749   195.36
01:34:20   49.6702  -12.2684   195.10
01:34:40   48.4846  -11.7819   194.86
01:35:00   47.2973  -11.3137   194.64
01:35:20   46.1086  -10.8625   194.43
01:35:40   44.9185  -10.4266   194.24
01:36:00   43.7272  -10.0051   194.06
01:36:20   42.5347   -9.5966   193.89
01:36:40   41.3410   -9.2003   193.74
01:37:00   40.1463   -8.8152   193.60
01:37:20   38.9507   -8.4405   193.47
01:37:40   37.7540   -8.0754   193.34
01:38:00   36.5566   -7.7193   193.23
01:38:20   35.3583   -7.3714   193.12
01:38:40   34.1592   -7.0312   193.02
01:39:00   32.9594   -6.6981   192.93
03:07:20   70.0819   -2.6534  -999.00
03:07:40   68.9758   -1.1590   204.59
03:08:00   67.8590    0.1998   203.48
03:08:20   66.7331    1.4418   202.49
03:08:40   65.5993    2.5823   201.60
03:09:00   64.4585    3.6342   200.80
03:09:20   63.3118    4.6086   200.07
03:09:40   62.1597    5.5148   199.41
03:10:00   61.0029    6.3606   198.81
03:10:20   59.8419    7.1528   198.27
03:10:40   58.6772    7.8973   197.77
03:11:00   57.5091    8.5991   197.32
03:11:20   56.3379    9.2625   196.90
03:11:40   55.1640    9.8915   196.52
03:12:00   53.9876   10.4893   196.17
03:12:20   52.8089   11.0589   195.85
03:12:40   51.6280   11.6029   195.55
03:13:00   50.4452   12.1236   195.27
03:13:20   49.2606   12.6230   195.02
03:13:40   48.0744   13.1030   194.78
03:14:00   46.8867   13.5651   194.56
03:14:20   45.6975   14.0110   194.36
03:14:40   44.5070   14.4417   194.17
03:15:00   43.3152   14.8586   194.00
03:15:20   42.1223   15.2628   193.84
03:15:40   40.9283   15.6551   193.69
03:16:00   39.7332   16.0365   193.55
03:16:20   38.5372   16.4078   193.42
03:16:40   37.3403   16.7697   193.30
03:17:00   36.1426   17.1230   193.19
03:17:20   34.9440   17.4681   193.09
03:17:40   33.7447   17.8058   192.99
03:18:00   32.5447   18.1365   192.90
03:18:20   31.3439   18.4607   192.82
03:18:40   30.1426   18.7788   192.74
03:19:00   28.9407   19.0914   192.67
03:19:20   27.7382   19.3987   192.60
04:47:00   67.4709   25.3625  -999.00
04:47:20   66.3421   26.5678   202.17
04:47:40   65.2058   27.6763   201.31
04:48:00   64.0628   28.7004   200.54
04:48:20   62.9142   29.6502   199.84
04:48:40   61.7605   30.5346   199.20
04:49:00   60.6021   31.3612   198.62
04:49:20   59.4398   32.1363   198.09
04:49:40   58.2738   32.8655   197.61
04:50:00   57.1046   33.5536   197.17
04:50:20   55.9325   34.2047   196.77
04:50:40   54.7577   34.8225   196.40
04:51:00   53.5805   35.4103   196.05
04:51:20   52.4010   35.9708   195.74
04:51:40   51.2194   36.5065   195.45
04:52:00   50.0360   37.0196   195.18
04:52:20   48.8508   37.5121   194.93
04:52:40   47.6641   37.9857   194.70
09:26:40   48.6575  -55.0201  -999.00
09:27:00   49.8429  -54.5308   344.73
09:27:20   51.0267  -54.0211   344.47
09:27:40   52.2086  -53.4893   344.18
09:28:00   53.3884  -52.9330   343.87
09:28:20   54.5662  -52.3498   343.53
09:28:40   55.7413  -51.7371   343.16
09:29:00   56.9141  -51.0915   342.76
09:29:20   58.0838  -50.4098   342.32
09:29:40   59.2504  -49.6875   341.85
09:30:00   60.4133  -48.9202   341.32
09:30:20   61.5723  -48.1025   340.75
09:30:40   62.7270  -47.2278   340.12
09:31:00   63.8765  -46.2892   339.43
09:31:20   65.0205  -45.2777   338.67
09:31:40   66.1580  -44.1837   337.82
11:00:20   29.9454  -36.2600  -999.00
11:00:40   31.1470  -35.9427   347.11
11:01:00   32.3478  -35.6195   347.02
11:01:20   33.5482  -35.2899   346.93
11:01:40   34.7476  -34.9534   346.83
11:02:00   35.9465  -34.6095   346.73
11:02:20   37.1444  -34.2576   346.62
11:02:40   38.3414  -33.8972   346.50
11:03:00   39.5377  -33.5274   346.37
11:03:20   40.7329  -33.1477   346.23
11:03:40   41.9273  -32.7571   346.07
11:04:00   43.1204  -32.3550   345.91
11:04:20   44.3123  -31.9403   345.74
11:04:40   45.5032  -31.5118   345.55
11:05:00   46.6926  -31.0685   345.35
11:05:20   47.8808  -30.6091   345.13
11:05:40   49.0673  -30.1321   344.90
11:06:00   50.2523  -29.6359   344.64
11:06:20   51.4353  -29.1189   344.37
11:06:40   52.6165  -28.5788   344.07
11:07:00   53.7957  -28.0135   343.75
11:07:20   54.9725  -27.4205   343.40
11:07:40   56.1470  -26.7967   343.02
11:08:00   57.3186  -26.1391   342.61
11:08:20   58.4874  -25.4438   342.16
11:08:40   59.6527  -24.7066   341.67
11:09:00   60.8143  -23.9226   341.13
11:09:20   61.9720  -23.0858   340.54
11:09:40   63.1248  -22.1900   339.89
11:10:00   64.2726  -21.2271   339.18
11:10:20   65.4144  -20.1885   338.39
11:10:40   66.5495  -19.0631   337.51
11:11:00   67.6768  -17.8386   336.53
11:11:20   68.7951  -16.5000   335.44
11:11:40   69.9032  -15.0289   334.22
12:40:00   32.7628  -10.7852  -999.00
12:40:20   33.9627  -10.4533   346.90
12:40:40   35.1621  -10.1143   346.80
12:41:00   36.3605   -9.7677   346.69
12:41:20   37.5581   -9.4130   346.58
12:41:40   38.7550   -9.0493   346.45
12:42:00   39.9509   -8.6763   346.32
12:42:20   41.1459   -8.2929   346.17
12:42:40   42.3397   -7.8985   346.02
12:43:00   43.5324   -7.4921   345.85
12:43:20   44.7241   -7.0727   345.68
12:43:40   45.9144   -6.6393   345.48
12:44:00   47.1035   -6.1905   345.28
12:44:20   48.2910   -5.7252   345.05
12:44:40   49.4771   -5.2418   344.81
12:45:00   50.6613   -4.7386   344.55
12:45:20   51.8437   -4.2138   344.27
12:45:40   53.0244   -3.6653   343.97
12:46:00   54.2027   -3.0907   343.64
12:46:20   55.3788   -2.4874   343.28
12:46:40   56.5522   -1.8524   342.89
12:47:00   57.7230   -1.1821   342.46
12:47:20   58.8905   -0.4729   342.00
12:47:40   60.0545    0.2799   341.49
12:48:00   61.2150    1.0815   340.93
12:48:20   62.3709    1.9378   340.33
12:48:40   63.5222    2.8559   339.65
12:49:00   64.6679    3.8438   338.91
12:49:20   65.8074    4.9110   338.09
12:49:40   66.9400    6.0692   337.18
12:50:00   68.0643    7.3313   336.17
12:50:20   69.1794    8.7137   335.04
14:18:20   30.7759   13.4009  -999.00
14:18:40   31.9772   13.7222   347.05
14:19:00   33.1775   14.0498   346.96
14:19:20   34.3772   14.3841   346.87
14:19:40   35.5763   14.7257   346.76
14:20:00   36.7744   15.0750   346.65
14:20:20   37.9719   15.4328   346.53
14:20:40   39.1684   15.7996   346.41
14:21:00   40.3640   16.1762   346.27
14:21:20   41.5585   16.5632   346.12
14:21:40   42.7520   16.9617   345.96
14:22:00   43.9445   17.3725   345.79
14:22:20   45.1356   17.7966   345.61
14:22:40   46.3256   18.2352   345.41
14:23:00   47.5140   18.6894   345.20
14:23:20   48.7012   19.1609   344.97
14:23:40   49.8865   19.6509   344.72
14:24:00   51.0701   20.1613   344.46
14:24:20   52.2521   20.6941   344.17
14:24:40   53.4318   21.2513   343.85
14:25:00   54.6095   21.8355   343.51
14:25:20   55.7846   22.4494   343.15
14:25:40   56.9573   23.0962   342.74
14:26:00   58.1268   23.7794   342.31
14:26:20   59.2932   24.5031   341.83
14:26:40   60.4561   25.2723   341.30
14:27:00   61.6149   26.0920   340.73
14:27:20   62.7694   26.9689   340.10
14:27:40   63.9188   27.9100   339.41
14:28:00   65.0624   28.9242   338.64
14:28:20   66.1997   30.0216   337.79
16:03:00   51.4787   45.0638  -999.00
16:03:20   52.6600   45.6048   344.06
16:03:40   53.8391   46.1712   343.74
16:04:00   55.0161   46.7653   343.39
16:04:20   56.1901   47.3901   343.01
16:04:40   57.3618   48.0491   342.60
22:56:40   60.8323  -56.8664  -999.00
22:57:00   59.6706  -56.0815   198.19
22:57:20   58.5056  -55.3438   197.70
22:57:40   57.3370  -54.6478   197.26
22:58:00   56.1653  -53.9896   196.84
22:58:20   54.9913  -53.3656   196.47
22:58:40   53.8144  -52.7721   196.12
22:59:00   52.6352  -52.2063   195.80
22:59:20   51.4540  -51.6658   195.51
22:59:40   50.2712  -51.1485   195.23
23:00:00   49.0863  -50.6520   194.98
23:00:20   47.8997  -50.1747   194.75
23:00:40   46.7120  -49.7152   194.53
23:01:00   45.5225  -49.2716   194.33
23:01:20   44.3317  -48.8429   194.15
